0 91 209 75 223 238 147 97 97 45 33 37 123 126 53 190 89 242 78 224 58 62 78 63 161 191 166 147 196 107 108 40
91 0 134 28 148 163 72 158 158 62 94 74 48 51 114 115 150 167 139 149 57 49 41 124 86 116 91 72 121 32 33 101
209 134 0 146 32 47 78 276 276 180 212 192 108 99 232 47 268 51 257 33 175 167 159 242 62 36 53 90 23 120 131 219
75 28 146 0 160 175 84 142 142 46 78 58 60 63 98 127 134 179 123 161 41 33 25 108 98 128 103 84 133 44 45 85
223 148 32 160 0 43 92 290 290 194 226 206 122 113 246 61 282 47 271 29 189 181 173 256 76 50 67 104 37 134 145 233
238 163 47 175 43 0 107 305 305 209 241 221 137 128 261 76 297 24 286 28 204 196 188 271 91 65 82 119 52 149 160 248
147 72 78 84 92 107 0 214 214 118 150 130 46 37 170 59 206 111 195 93 113 105 97 180 30 60 35 28 65 58 69 157
97 158 276 142 290 305 214 0 10 112 82 104 190 193 64 257 30 309 45 291 125 129 145 48 228 258 233 214 263 174 175 73
97 158 276 142 290 305 214 10 0 112 82 104 190 193 64 257 30 309 45 291 125 129 145 48 228 258 233 214 263 174 175 73
45 62 180 46 194 209 118 112 112 0 48 28 94 97 68 161 104 213 93 195 29 33 49 78 132 162 137 118 167 78 79 55
33 94 212 78 226 241 150 82 82 48 0 40 126 129 38 193 74 245 63 227 61 65 81 48 164 194 169 150 199 110 111 25
37 74 192 58 206 221 130 104 104 28 40 0 106 109 60 173 96 225 85 207 41 45 61 70 144 174 149 130 179 90 91 47
123 48 108 60 122 137 46 190 190 94 126 106 0 25 146 89 182 141 171 123 89 81 73 156 60 90 65 46 95 34 45 133
126 51 99 63 113 128 37 193 193 97 129 109 25 0 149 80 185 132 174 114 92 84 76 159 51 81 56 37 86 37 48 136
53 114 232 98 246 261 170 64 64 68 38 60 146 149 0 213 56 265 45 247 81 85 101 30 184 214 189 170 219 130 131 29
190 115 47 127 61 76 59 257 257 161 193 173 89 80 213 0 249 80 238 62 156 148 140 223 43 29 34 71 34 101 112 200
89 150 268 134 282 297 206 30 30 104 74 96 182 185 56 249 0 301 37 283 117 121 137 40 220 250 225 206 255 166 167 65
242 167 51 179 47 24 111 309 309 213 245 225 141 132 265 80 301 0 290 32 208 200 192 275 95 69 86 123 56 153 164 252
78 139 257 123 271 286 195 45 45 93 63 85 171 174 45 238 37 290 0 272 106 110 126 29 209 239 214 195 244 155 156 54
224 149 33 161 29 28 93 291 291 195 227 207 123 114 247 62 283 32 272 0 190 182 174 257 77 51 68 105 38 135 146 234
58 57 175 41 189 204 113 125 125 29 61 41 89 92 81 156 117 208 106 190 0 28 44 91 127 157 132 113 162 73 74 68
62 49 167 33 181 196 105 129 129 33 65 45 81 84 85 148 121 200 110 182 28 0 36 95 119 149 124 105 154 65 66 72
78 41 159 25 173 188 97 145 145 49 81 61 73 76 101 140 137 192 126 174 44 36 0 111 111 141 116 97 146 57 58 88
63 124 242 108 256 271 180 48 48 78 48 70 156 159 30 223 40 275 29 257 91 95 111 0 194 224 199 180 229 140 141 39
161 86 62 98 76 91 30 228 228 132 164 144 60 51 184 43 220 95 209 77 127 119 111 194 0 44 19 42 49 72 83 171
191 116 36 128 50 65 60 258 258 162 194 174 90 81 214 29 250 69 239 51 157 149 141 224 44 0 35 72 23 102 113 201
166 91 53 103 67 82 35 233 233 137 169 149 65 56 189 34 225 86 214 68 132 124 116 199 19 35 0 47 40 77 88 176
147 72 90 84 104 119 28 214 214 118 150 130 46 37 170 71 206 123 195 105 113 105 97 180 42 72 47 0 77 58 69 157
196 121 23 133 37 52 65 263 263 167 199 179 95 86 219 34 255 56 244 38 162 154 146 229 49 23 40 77 0 107 118 206
107 32 120 44 134 149 58 174 174 78 110 90 34 37 130 101 166 153 155 135 73 65 57 140 72 102 77 58 107 0 29 117
108 33 131 45 145 160 69 175 175 79 111 91 45 48 131 112 167 164 156 146 74 66 58 141 83 113 88 69 118 29 0 118
40 101 219 85 233 248 157 73 73 55 25 47 133 136 29 200 65 252 54 234 68 72 88 39 171 201 176 157 206 117 118 0