29
0 1552 1412 1289 1620 1625 1185 1281 1678 1584 1066 1471 1550 1486 1320 1485 1612 1238 1675 1039 1598 1355 894 1535 979 1201 849 1342 954
1552 0 1021 1536 1246 1081 1389 1187 850 1157 1183 1256 860 1577 946 1138 1116 1002 1573 1165 1679 1495 1197 1309 1308 887 913 1500 1110
1412 1021 0 1503 965 1677 1499 1588 1422 1060 1015 1223 1286 1026 1035 1071 1269 1006 1265 1658 1492 1526 1079 1629 1225 1051 1570 1671 920
1289 1536 1503 0 1565 1192 1176 1641 1382 1311 1080 1592 944 1328 1235 877 1302 1140 896 922 973 1650 1529 1212 1025 902 952 1403 1396
1620 1246 965 1565 0 1644 1304 1674 1557 1461 1404 969 1544 1114 846 1119 1366 1004 1672 871 1446 1248 1555 856 1106 1532 1322 1204 956
1625 1081 1677 1192 1644 0 1209 1473 1124 1152 1139 1159 1261 1070 880 1297 1682 1174 907 1339 1293 1520 1523 1483 1135 1653 1303 1144 1166
1185 1389 1499 1176 1304 1209 0 906 1053 1595 1148 1566 1162 1194 1220 1661 1591 1044 1211 1572 1143 1000 1416 1378 1364 1433 1056 1136 1582
1281 1187 1588 1641 1674 1473 906 0 1034 1068 1427 862 1132 1090 990 1632 1619 1020 1517 1255 1030 872 918 1348 1258 1276 1395 1284 939
1678 850 1422 1382 1557 1124 1053 1034 0 1425 1430 1397 1019 1038 1655 1508 874 1602 1097 1589 1606 1594 1058 868 1383 1059 854 1037 1656
1584 1157 1060 1311 1461 1152 1595 1068 1425 0 1096 1380 855 1321 1538 1542 1463 970 1028 1603 1408 908 1554 1167 949 1270 1580 1534 1459
1066 1183 1015 1080 1404 1139 1148 1427 1430 1096 0 1651 1003 1559 1475 1120 1013 1078 1107 1218 1341 1393 1094 1551 1301 1231 1288 1189 984
1471 1256 1223 1592 969 1159 1566 862 1397 1380 1651 0 942 1540 1411 1633 1388 958 1394 1022 957 1665 1048 999 1630 873 930 1215 1498
1550 860 1286 944 1544 1261 1162 1132 1019 855 1003 942 0 892 1578 1295 1083 1014 903 1357 851 888 1104 1109 1359 859 1126 1245 1318
1486 1577 1026 1328 1114 1070 1194 1090 1038 1321 1559 1540 892 0 945 1040 968 1305 1353 858 1267 1465 1659 1490 1149 1477 1325 1171 963
1320 946 1035 1235 846 880 1220 990 1655 1538 1475 1411 1578 945 0 916 992 1113 897 924 1432 893 1257 1206 1280 1546 1315 1530 919
1485 1138 1071 877 1119 1297 1661 1632 1508 1542 1120 1633 1295 1040 916 0 972 912 925 1537 901 943 1611 1115 1567 1163 1260 1402 879
1612 1116 1269 1302 1366 1682 1591 1619 874 1463 1013 1388 1083 968 992 972 0 1454 1662 1023 1036 1334 1673 1635 1129 1367 1299 1631 1275
1238 1002 1006 1140 1004 1174 1044 1020 1602 970 1078 958 1014 1305 1113 912 1454 0 1652 1200 1190 1398 842 1497 1168 1642 988 1539 1343
1675 1573 1265 896 1672 907 1211 1517 1097 1028 1107 1394 903 1353 897 925 1662 1652 0 1608 1352 1442 866 1439 1172 1043 1429 1031 1421
1039 1165 1658 922 871 1339 1572 1255 1589 1603 1218 1022 1357 858 924 1537 1023 1200 1608 0 891 1282 1648 1663 983 1108 1400 1346 1469
1598 1679 1492 973 1446 1293 1143 1030 1606 1408 1341 957 851 1267 1432 901 1036 1190 1352 891 0 1177 1099 1227 985 1581 1356 1521 1331
1355 1495 1526 1650 1248 1520 1000 872 1594 908 1393 1665 888 1465 893 943 1334 1398 1442 1282 1177 0 1440 1273 1046 953 1277 876 1410
894 1197 1079 1529 1555 1523 1416 918 1058 1554 1094 1048 1104 1659 1257 1611 1673 842 866 1648 1099 1440 0 1363 1487 1637 1494 1583 878
1535 1309 1629 1212 856 1483 1378 1348 868 1167 1551 999 1109 1490 1206 1115 1635 1497 1439 1663 1227 1273 1363 0 959 1618 1274 1283 1329
979 1308 1225 1025 1106 1135 1364 1258 1383 949 1301 1630 1359 1149 1280 1567 1129 1168 1172 983 985 1046 1487 959 0 1506 1414 1605 1160
1201 887 1051 902 1532 1653 1433 1276 1059 1270 1231 873 859 1477 1546 1163 1367 1642 1043 1108 1581 953 1637 1618 1506 0 911 1240 1409
849 913 1570 952 1322 1303 1056 1395 854 1580 1288 930 1126 1325 1315 1260 1299 988 1429 1400 1356 1277 1494 1274 1414 911 0 1419 1505
1342 1500 1671 1403 1204 1144 1136 1284 1037 1534 1189 1215 1245 1171 1530 1402 1631 1539 1031 1346 1521 876 1583 1283 1605 1240 1419 0 934
954 1110 920 1396 956 1166 1582 939 1656 1459 984 1498 1318 963 919 879 1275 1343 1421 1469 1331 1410 878 1329 1160 1409 1505 934 0