20
19
0 6032 1382 1599 4543 3749 4598 5783 2509 3596 4193 4236 4865 2966 3308 4072 1596 2245 1890 1978
6032 0 6102 6319 9263 8469 9318 1565 4957 8316 3625 8956 2133 7686 4034 2594 6050 6965 5132 6698
1382 6102 0 1265 3735 2941 3790 5853 2579 2788 4263 3428 4935 2158 3378 4142 1666 1437 1960 1170
1599 6319 1265 0 4426 3632 4481 6070 2796 3479 4480 4119 5152 2849 3595 4359 1883 2128 2177 1861
4543 9263 3735 4426 0 2286 803 9014 5740 2335 7424 2155 8096 2459 6539 7303 4827 3416 5121 2855
3749 8469 2941 3632 2286 0 2341 8220 4946 1541 6630 1979 7302 1665 5745 6509 4033 2622 4327 2061
4598 9318 3790 4481 803 2341 0 9069 5795 2390 7479 2210 8151 2514 6594 7358 4882 3471 5176 2910
5783 1565 5853 6070 9014 8220 9069 0 4708 8067 3376 8707 1884 7437 3785 2345 5801 6716 4883 6449
2509 4957 2579 2796 5740 4946 5795 4708 0 4793 3118 5433 3790 4163 2233 2997 2527 3442 1609 3175
3596 8316 2788 3479 2335 1541 2390 8067 4793 0 6477 2028 7149 1512 5592 6356 3880 2469 4174 1908
4193 3625 4263 4480 7424 6630 7479 3376 3118 6477 0 7117 2458 5847 2195 1665 4211 5126 3293 4859
4236 8956 3428 4119 2155 1979 2210 8707 5433 2028 7117 0 7789 2152 6232 6996 4520 3109 4814 2548
4865 2133 4935 5152 8096 7302 8151 1884 3790 7149 2458 7789 0 6519 2867 1427 4883 5798 3965 5531
2966 7686 2158 2849 2459 1665 2514 7437 4163 1512 5847 2152 6519 0 4962 5726 3250 1839 3544 1278
3308 4034 3378 3595 6539 5745 6594 3785 2233 5592 2195 6232 2867 4962 0 2074 3326 4241 2408 3974
4072 2594 4142 4359 7303 6509 7358 2345 2997 6356 1665 6996 1427 5726 2074 0 4090 5005 3172 4738
1596 6050 1666 1883 4827 4033 4882 5801 2527 3880 4211 4520 4883 3250 3326 4090 0 2529 1908 2262
2245 6965 1437 2128 3416 2622 3471 6716 3442 2469 5126 3109 5798 1839 4241 5005 2529 0 2823 851
1890 5132 1960 2177 5121 4327 5176 4883 1609 4174 3293 4814 3965 3544 2408 3172 1908 2823 0 2556
1978 6698 1170 1861 2855 2061 2910 6449 3175 1908 4859 2548 5531 1278 3974 4738 2262 851 2556 0
