32
0 1927 1301 1511 1461 1185 1857 1145 1718 1808 1160 1266 1378 1874 1272 1460 1877 2032 1196 1063 1314 1939 1506 1619 1475 1383 2027 1173 1121 1284 1888 1109
1927 0 1733 1407 1623 1657 1205 2042 1138 1111 1542 1048 1911 1648 1519 1162 1377 1563 1144 1385 2024 1118 1119 1207 1431 1105 1046 1250 1325 1399 1117 1686
1301 1733 0 1231 1351 2012 1567 1086 1247 1690 1721 1200 1606 1978 1408 1206 1896 1446 1791 1403 1992 1758 1723 1264 1947 1556 1209 1097 1052 1908 1071 1480
1511 1407 1231 0 1997 1057 1400 1201 1361 2048 1132 1492 1727 1847 1051 1395 1595 1415 1453 1159 1918 1275 1597 1382 1139 1120 1544 1677 1258 1687 1080 1348
1461 1623 1351 1997 0 1035 1455 1548 1797 1368 1979 1064 1423 1934 1966 1702 1994 1474 1362 1822 1221 1630 1364 1671 1140 1545 1931 1785 1644 1613 1708 1915
1185 1657 2012 1057 1035 0 1676 1056 1420 1372 1223 1171 1402 1942 1081 1680 1249 1909 2010 1879 1261 1841 1932 1319 1769 1476 1659 1667 1213 2017 1447 1226
1857 1205 1567 1400 1455 1676 0 2038 1557 1796 1748 1422 1913 1707 1497 1893 1055 1302 1592 1354 1027 1524 1245 1899 1236 1882 1789 1982 1129 1293 1238 1989
1145 2042 1086 1201 1548 1056 2038 0 1926 1603 2035 1905 1241 1639 1090 1146 1635 1924 1919 1426 1525 1746 1255 1682 2047 1945 1993 1728 1801 2018 1867 1041
1718 1138 1247 1361 1797 1420 1557 1926 0 1712 1352 1329 1337 1157 1211 1339 1202 1980 1131 1072 1585 1709 1062 2025 1767 1485 1953 1322 1736 1638 1634 1865
1808 1111 1690 2048 1368 1372 1796 1603 1712 0 1692 1401 1717 1645 1747 1073 1267 2045 1660 1128 1294 1154 1148 1788 1990 1977 1429 1725 1441 1193 1297 1324
1160 1542 1721 1132 1979 1223 1748 2035 1352 1692 0 1419 1842 1186 1228 1490 1626 1532 1806 1470 1510 1655 1930 1810 1627 1150 1607 1269 1941 2016 1388 1471
1266 1048 1200 1492 1064 1171 1422 1905 1329 1401 1419 0 1829 1355 1554 1274 1835 1611 1469 1805 1813 1404 1537 1729 1397 2028 1244 1458 1463 1817 1558 1533
1378 1911 1606 1727 1423 1402 1913 1241 1337 1717 1842 1829 0 1172 1654 1925 1037 1576 1265 1783 1093 2019 1044 2020 1208 1790 1285 1873 1227 1331 2000 1583
1874 1648 1978 1847 1934 1942 1707 1639 1157 1645 1186 1355 1172 0 1421 1600 1811 1136 1137 1598 1974 1559 1357 1318 1726 1996 1060 1038 1075 1864 1943 1178
1272 1519 1408 1051 1966 1081 1497 1090 1211 1747 1228 1554 1654 1421 0 1859 1413 1770 1954 1779 1973 1522 1768 1850 1066 1642 1235 1640 1099 1839 1334 1437
1460 1162 1206 1395 1702 1680 1893 1146 1339 1073 1490 1274 1925 1600 1859 0 1184 1861 1215 1289 1520 1026 2034 1263 1253 1147 1481 2007 1411 1100 1956 1182
1877 1377 1896 1595 1994 1249 1055 1635 1202 1267 1626 1835 1037 1811 1413 1184 0 1439 1844 1743 2041 1843 1661 1092 1693 1541 1059 1981 1406 1696 1425 1870
2032 1563 1446 1415 1474 1909 1302 1924 1980 2045 1532 1611 1576 1136 1770 1861 1439 0 1514 1084 1962 1451 1871 1276 1340 1279 1863 1484 1531 1466 1104 1540
1196 1144 1791 1453 1362 2010 1592 1919 1131 1660 1806 1469 1265 1137 1954 1215 1844 1514 0 1604 1933 1991 1715 1096 1575 1243 1326 1883 1820 1670 1188 1795
1063 1385 1403 1159 1822 1879 1354 1426 1072 1128 1470 1805 1783 1598 1779 1289 1743 1084 1604 0 1464 1177 1578 1869 1130 1449 1987 1113 1106 1108 1601 1187
1314 2024 1992 1918 1221 1261 1027 1525 1585 1294 1510 1813 1093 1974 1973 1520 2041 1962 1933 1464 0 1168 1486 1800 1985 1773 1784 1394 1705 1230 1278 1330
1939 1118 1758 1275 1630 1841 1524 1746 1709 1154 1655 1404 2019 1559 1522 1026 1843 1451 1991 1177 1168 0 1569 1161 1986 1174 1323 1948 1529 1410 1741 1088
1506 1119 1723 1597 1364 1932 1245 1255 1062 1148 1930 1537 1044 1357 1768 2034 1661 1871 1715 1578 1486 1569 0 1555 1724 1615 1744 1436 2023 1373 1153 1502
1619 1207 1264 1382 1671 1319 1899 1682 2025 1788 1810 1729 2020 1318 1850 1263 1092 1276 1096 1869 1800 1161 1555 0 1969 1516 1765 1151 1792 1179 1286 1175
1475 1431 1947 1139 1140 1769 1236 2047 1767 1990 1627 1397 1208 1726 1066 1253 1693 1340 1575 1130 1985 1986 1724 1969 0 1260 1067 1528 1535 1045 1802 1342
1383 1105 1556 1120 1545 1476 1882 1945 1485 1977 1150 2028 1790 1996 1642 1147 1541 1279 1243 1449 1773 1174 1615 1516 1260 0 1133 1658 1068 1472 1214 1391
2027 1046 1209 1544 1931 1659 1789 1993 1953 1429 1607 1244 1285 1060 1235 1481 1059 1863 1326 1987 1784 1323 1744 1765 1067 1133 0 1360 1568 1652 1950 1834
1173 1250 1097 1677 1785 1667 1982 1728 1322 1725 1269 1458 1873 1038 1640 2007 1981 1484 1883 1113 1394 1948 1436 1151 1528 1658 1360 0 1251 1714 1688 1586
1121 1325 1052 1258 1644 1213 1129 1801 1736 1441 1941 1463 1227 1075 1099 1411 1406 1531 1820 1106 1705 1529 2023 1792 1535 1068 1568 1251 0 1833 1393 1760
1284 1399 1908 1687 1613 2017 1293 2018 1638 1193 2016 1817 1331 1864 1839 1100 1696 1466 1670 1108 1230 1410 1373 1179 1045 1472 1652 1714 1833 0 1124 1123
1888 1117 1071 1080 1708 1447 1238 1867 1634 1297 1388 1558 2000 1943 1334 1956 1425 1104 1188 1601 1278 1741 1153 1286 1802 1214 1950 1688 1393 1124 0 2037
1109 1686 1480 1348 1915 1226 1989 1041 1865 1324 1471 1533 1583 1178 1437 1182 1870 1540 1795 1187 1330 1088 1502 1175 1342 1391 1834 1586 1760 1123 2037 0